8172
-7863
-9614
-9682
4006
4983
616
9516
6911
7950
9012
4955
1596
-2986
-6150
-6635
3437
-6606
-5083
5695
4603
7321
-4126
-2196
7726
3918
-147
4851
5371
5848
-2252
-5742
7800
-3929
-9770
-4617
5491
2906
9102
3848
5466
3763
-5265
-464
9159
479
6679
-128
4801
-9271
4514
2355
-2113
-926
-8655
1843
-3767
1285
-3499
1822
1819
5789
-5159
9188
7327
5515
-6743
-9234
-5068
2819
-1362
6358
7296
-9594
-7200
-1332
9889
-2997
5316
1888
4070
-4047
1109
8665
9008
-5529
-7498
4050
-6657
-5158
-4493
3148
1854
9221
-5729
-9667
-8217
5298
9863
5254
347
3288
9528
4623
4338
-6850
-8949
-6346
1964
-7554
7707
-8256
-111
-1448
-2039
-2096
2769
-47
-7305
5356
-5598
1303
-5736
8711
9751
-3911
2632
-1423
-4334
-9179
-6659
-1297
6967
1623
-2714
-7191
3791
-3154
5403
4875
1916
8446
851
-7521
-3525
6466
-4275
-7527
-5293
2086
-5948
-8058
729
-2215
1251
-7149
-3100
6649
5287
6158
4526
5485
-5997
-3851
-2018
8738
-7384
-7022
-8286
-3270
-9467
6997
-1743
1618
-1321
-8079
-5594
2829
-6397
-4621
-293
-324
-7621
2632
6639
-6514
2065
4854
-2788
9473
-9395
-9855
-1555
686
-8388
373
7953
-3206
4767
-9835
2377
9886
-2862
9970
-4868
-5716
-4251
6386
3861
9177
-2965
9236
-485
-7631
-9513
-2185
5012
-3243
1089
-3495
8045
-4052
-6110
9570
-6423
-9782
7717
-6617
5400
-8206
2169
-5758
5296
5884
7674
-6957
5337
1188
4394
242
769
-6663
3192
-7653
-5635
-6657
-5194
-4272
1650
-2126
-594
-5900
261
7968
-7245
4641
-7399
-1315
752
3526
9961
-5737
-9590
-6040
9265
-8181
1873
-188
2863
3373
6206
5576
7682
-4312
-5014
8173
-6090
5684
-5879
-6409
-9188
1077
-1936
1989
-9970
2944
-5612
-1758
-3932
1705
3042
-6007
-3644
-9761
6872
8125
-5085
-8961
3774
1489
9729
6979
7576
5684
-2550
1094
-8980
5699
-2631
154
8782
-6904
1538
-2327
3895
1461
5449
-3888
-3452
-528
-5663
7460
3889
1030
-5846
5000
397
9583
7131
-4260
4929
8458
-5944
-6554
1449
5872
-855
-7296
2159
-5084
-8331
8741
-4088
8964
8431
3108
-3941
453
-8154
9069
9720
-835
-8965
2262
2791
751
278
1968
-1563
6111
-9477
-3565
-5884
-539
-2976
6587
8360
9029
8368
-9384
8030
5070
-7649
-8203
7537
-9756
7029
2504
5485
-3063
1827
-7785
9503
8569
6300
7767
-678
1264
-5768
6845
4821
7415
6013
9623
-4132
2630
5227
2229
-6236
-4755
6818
-7331
7248
-9567
-5035
-1054
310
-5548
4548
-9370
-2694
8799
5468
-2894
-502
1133
6692
-5026
-4241
-3424
-7450
4995
4367
-1721
234
-897
1085
1057
8029
7899
-3028
7032
9559
3401
6750
7488
-6166
5790
-7321
-8213
-1742
-3541
-7807
8167
5965
-5093
4493
-5032
-2323
-4116
6202
-1655
7706
-6167
4002
-109
-9823
4619
-5825
6815
7237
-257
-2363
2334
-1761
-2388
780
-4689
8557
-3112
2472
-4124
7161
5524
-3241
3116
1442
-1681
-8784
-4403
-41
6575
-9711
-7703
2368
5389
8899
-6169
-4457
-5075
2814
1931
2349
6808
658
-992
-26
-6734
7535
-6889
1740
-580
-1882
-1772
-7332
-6230
-1100
-7577
1977
4100
-3740
144
7592
9114
2159
-4557
7660
2893
1466
-6364
4774
7206
1207
4547
-5682
1657
-9543
-4088
1792
-5148
446
-2711
-9146
9244
6733
-2598
-4240
413
6704
-2825
6916
-3402
7499
4894
2378
2334
-7123
-5385
-5423
4386
-100
6517
2278
4968
5016
1814
-1088
8142
-8030
-1733
3690
3578
-7415
-9667
7984
4496
1528
-8063
363
9961
-705
7272
-4448
-1613
-8686
-4175
-2544
2301
1216
2125
-6509
-1650
-9229
-6646
1350
-7745
9631
-4213
-6530
-4558
-4657
7749
2844
2398
7535
8658
-1929
8371
5271
1167
8723
-8762
9449
-6482
1967
3029
2287
-4933
7956
-835
5166
8716
60
1623
-9534
-2563
875
701
-9113
7671
5116
-1759
-6255
368
-4542
9673
3598
-7048
-2711
7624
-2969
-7448
-4460
-6147
-6045
-6127
-4480
-603
5636
-5818
-3926
-8205
4912
3194
-9481
-7370
3313
-1972
-695
7032
-6612
-3959
-543
-9633
8614
-1222
8010
-7192
-7876
-415
-9939
-9111
-5691
-1245
7626
7138
2819
5003
-5317
4706
3500
-3206
-4364
-2945
-5316
2311
3154
8628
-7598
-6467
688
9220
-8942
-2849
-1017
4019
2151
-4704
-4280
8038
-4301
-4381
8457
516
324
-1744
-5146
4172
-14
1929
535
-931
-3498
-4018
7867
-4270
286
8723
9660
-3262
4302
3021
-6047
-8116
5775
3584
3531
-961
-6556
5490
-3360
2503
8301
-272
8407
3106
9487
-322
-9532
4840
-9276
6315
1404
-9220
-5945
-2304
-5058
-2247
9544
9863
-1367
6459
3326
-559
203
744
1792
-9055
-1496
-6948
1054
165
-6166
7554
-4185
-6227
9889
-9069
-2515
-2108
-8184
-8851
2592
-6823
6139
-2278
-8895
-6571
9971
-8020
-7649
8538
8545
413
-5263
2035
-8595
3489
-5599
-9880
1376
-9581
5207
-8153
3167
5400
-1550
-8079
1048
7391
7669
758
5410
9584
-256
3197
-6834
-4044
-1475
5513
5607
9345
2071
9585
-9336
-6105
-8485
4333
2729
8678
5171
-6398
5800
3810
6258
6103
-5882
7894
645
7962
-1264
-3893
4854
8677
-6683
6358
-5419
4871
-8221
-7254
9561
-6024
-443
8351
8403
746
-823
-1873
9414
-7777
9334
-5445
-5155
-146
-5505
771
-850
-2086
4086
5435
-8841
3232
-2065
-2182
-4186
5365
3543
976
-7312
6064
-2301
-5872
-4825
-7968
-1824
-2731
8769
3232
-9589
-9742
8362
-7016
8054
2829
-3430
-809
-1826
-1316
5514
-7856
-2377
-4758
-4672
7617
1056
-1842
3697
-5792
-1197
3720
-177
-2221
-9294
-171
3712
6720
-140
778
-946
954
6759
1685
776
8692
357
4354
-4692
4922
-6112
-8937
-1969
7998
8779
-84
4280
790
9530
6295
3116
9467
9286
-2310
-4244
1523
2070
-4784
-1305
-9005
-2916
-8194
4976
2434
-2901
1086
-2407
-9090
6892
103
-413
-5726
-2349
8340
-6137
1198
8005
-722
9817
-9174
-77
9498
-3072
-468
-8451
210
-6438
5269
-6265
-9210
565
517
-8794
315
-7811
-8994
201
1522
-9375
-1275
-1718
-825
-3496
5734
1841
7229
7834
8042
6399
-9914
-478
6548
2060
4215
356
-4461
-1493
9828
-2529
-9434
-1281
1049
-4847
5439
-2123
-1181
5087
-4519
-3293
7353
-9272
-8155
-5719
-3642
8371
-8524
1817
8081
-4314
-4971
-9276
3016
3405
2385
-3372
-2851
-6187
5777
-762
7413
6164
-1581
138
-7136
3842
5899
5335
5813
3261
-9615
-5672
-856
-9513
-252
-695
-527
6835
-1438
2221
5506
-5984
8156
4332
2696
-1274
-672
-3138
6187
-3550
-5775
-3259
-6380
-8556
3360
-76
-3762
-422
4954
-813
2852
9914
6417
-2193
5371
7810
3311
-4191
5408
-2780
3017
-18
-887
-1003
6745
9220
-9359
-801
2983
9653
6765
8700
8560
2396
5341
33
1567
-3583
6005
9164
-9326
6303
7535
-2751
-437
-7349
2380
-5998
-2798
4886
-1476
5058
2289
2327
-1651
7118
9480
7835
-4893
-740
1726
-3194
9617
9344
9916
3743
298
-1199
7530
4914
-9905
8863
-1247
7550
-7971
7703
7349
-8203
-7254
9044
-134
7750
6538
979
5567
-1480
-3499
-5014
3321
7413
759
3731
2466
-7505
1045
5890
8995
7634
-5621
8672
-8498
-3421
-9929
-1355
6530
4543
4772
2466
-8194
-6124
-2274
9571
9323
-5790
-7817
-7584
6651
-6143
-72
-9289
2662
-6256
-2710
854
-4714
1195
866
5751
975
7928
-3246
-5910
9165
3816
9983
6407
-9918
-1134
2256
-2533
-6370
1210
-8184
-1305
7229
8856
-7963
3909
-2896
9530
890
-2843
-2804
7117
5847
6746
-7993
6616
1456
1058
9779
-6813
-5958
-298
1561
-2270
-9798
-4906
-9735
-2691
-1655
8579
-7916
-4298
81
8774
-2561
8822
-375
-668
-3869
585
6265
-5152
8473
6306
9650
8094
2436
-6455
3667
2853
5287
-8696
-2693
-7441
-4524
2230
6616
-682
9960
-1202
-9103
-9084
7032
-8553
9754
-2696
-7432
8049
6162
-4907
-9227
9276
8927
-1430
1487
-5559
7923
-1570
612
8298
-9562
2634
926
6801
4978
5435
-4712
2970
23
2054
-7083
-5786
5025
-3663
-8259
-3431
-7448
-6613
619
3981
2372
164
-8848
6389
-2803
7348
-2359
-226
7735
5560
-6793
-5602
-8996
-8916
-4941
3620
-9049
3181
-9255
-5966
7944
-6446
5199
9248
723
-7527
9501
-4890
2277
7014
-4023
8526
6411
9726
-4858
873
-8416
-9408
-2564
766
2815
-7595
-4505
1373
-451
1808
376
-8289
-283
5303
-7264
110
-2151
-2305
6841
-4419
-4158
3007
338
6376
31
-8340
-6576
-7320
6591
-2497
-3673
-4947
1242
-9204
-8585
9935
3935
-9640
-6599
-3618
-816
-4574
-2681
4894
-7600
9607
-7815
-9753
4126
-9470
1325
-599
3852
-1308
-4608
2425
8591
-8153
-3555
-5707
9185
-8194
7237
-5889
-4737
-3921
-3436
9087
8545
-5988
1995
-9889
915
-7609
-9345
-6511
9796
-5862
6703
-8849
1276
-6352
-3419
-6405
-9958
7222
-5112
-9862
-5719
9105
-6281
-6775
-5084
-1305
8234
-6601
-3441
-8420
-1484
9643
5862
7591
-6959
1413
7734
3283
2869
8808
2086
-8719
2823
-1460
-1659
2925
55
-7700
-266
792
-3344
-3337
8268
547
-2070
2587
1751
-6658
-2168
2678
1237
-9201
-9657
-5588
-5004
-8766
9460
-2952
133
9829
-2802
-2847
-1423
-4986
-9579
-9146
4458
6272
-1258
2985
5593
-7884
-3247
-3873
-1961
6641
-7628
-2232
4363
-5441
-255
9555
9653
-4858
7033
-6243
9696
2704
3990
8922
-6650
-4174
7762
4812
6552
-2935
-6731
-8325
3814
3383
2216
5066
-5233
-1827
-5188
-799
6979
-3793
1038
5943
-7967
3370
2035
-646
8254
8421
7858
1125
-8704
-6526
-7623
-7276
-1395
7789
7931
-2335
5666
5440
270
-7441
5909
-44
813
8619
1655
1428
289
-4939
6799
-6017
-223
-4031
-925
-9816
6387
7299
-8995
1975
3509
6402
-9296
9016
-5947
8049
4428
-1759
8719
-283
-8900
6010
-1990
5113
-4824
4878
-5228
-4187
9436
7009
8452
2459
-4872
6088
8611
7901
2787
9929
-8203
-748
-2030
-9679
6550
-1448
-2591
2401
5510
3350
-2760
890
3681
-2883
6868
9715
-8219
-5955
2986
-8877
725
2007
8054
6946
2474
-7084
-1559
6785
-3275
-5235
-3641
3440
792
-6202
-5625
-3831
-2984
4877
9478
-4092
7426
-6813
8399
-9951
4172
-1692
5096
-451
5899
-7012
-6998
-3716
-480
5137
256
-5399
-7852
5119
457
-9883
-1693
-5247
-2549
9617
-188
-2307
-235
3736
-7444
-6454
-425
-232
3485
7107
-9052
4929
-793
6550
-2303
-3087
-2650
-797
-4457
-3288
-4420
6914
2626
-3082
6754
-5469
3770
-1284
-2985
-4711
-5346
518
-2464
3161
-6185
488
1677
-4608
3936
3149
-1111
-3127
4543
-657
-8858
-3220
5517
9210
-338
7694
-9273
1858
-3064
-2992
-6527
4652
4021
-6433
6922
2310
-9992
-2835
4440
1850
-3884
7368
-9597
-385
4181
8549
6943
2585
-9611
-8397
-2520
-7645
-5799
-634
2990
-2236
3950
-3068
187
6937
8521
6927
9403
1521
-2869
5346
-7568
561
-8699
3438
-4044
-3304
-740
-6036
6851
-5556
-4634
-6210
2401
-2834
-7948
-6852
7814
-3079
8942
-7739
4139
-6791
417
-1555
-2288
-890
-2096
-3789
-4475
-2641
-5308
-6599
-8151
-5046
-8307
-3580
-8213
-2662
-8820
373
3233
-8186
-4371
787
-3774
-362
-3631
4295
712
-3659
6548
6258
9627
2898
5735
2203
7490
-6875
-3559
3934
-58
-9225
-3205
-705
7805
-1746
-2046
8766
9084
-5720
-494
-7840
7228
-9407
2398
7280
8018
-8790
3549
4133
4039
-4476
-7325
2247
-601
9838
-8628
-4399
-4717
-726
-5635
-2573
-7891
8640
-6053
-6446
-5627
-1494
9404
-4678
-2485
4710
-93
8996
-6184
6659
3176
-9802
-1458
7810
-9439
-2125
-1409
-1690
-4377
9554
3357
-1658
5888
-6222
-8608
2407
-7248
-2719
-3514
-3708
-2016
363
1311
5987
2313
-2699
-1362
492
-2896
-7648
-3573
6698
5417
-9774
5588
-8766
8336
-2828
9302
6949
6653
-5205
-135
9586
1274
8320
-4093
4592
8578
-5880
8562
5216
-7333
3740
-995
-4853
3171
-9262
-7640
-7578
4998
-5896
3308
-7215
-4552
-1098
-5822
-6695
5972
-7531
4707
-6055
-7331
6136
7676
-2392
5722
-348
-4594
-4606
-408
-5355
5753
961
-4494
-5583
3683
-7615
7517
5202
6897
-4752
9509
-8182
-7570
850
5880
-9987
-7727
2273
3303
-7361
-6496
322
-6057
-5479
3797
144
-1363
9120
-2228
36
1359
9219
-8045
7882
-1210
74
-4565
1342
707
5133
-6673
-7484
9308
2992
6178
-5189
-1784
-9785
-9375
6407
6530
-4421
-954
4269
-9702
4462
2727
85
5219
1094
4868
5205
-2377
-4493
-3741
6386
9982
9791
-3755
-9033
-2269
9256
-3782
-1345
-8896
4912
-6346
-3305
-61
-7193
-419
-8428
3800
634
-6829
7467
869
4702
-674
9818
9725
313
7588
-590
8442
-8889
-868
9576
-945
-5666
4224
-6841
3122
1579
7246
5954
-4708
-8332
-5068
-6790
2032
-5147
-2823
-9576
-1964
5023
-9843
-4179
8935
-8990
-4194
614
7510
-9282
-9447
-5240
-7546
2940
-421
-3938
7975
4272
-5276
2588
117
-6582
-7228
9336
-8263
9200
-6856
8837
-4082
-3869
-6873
780
-8592
-3159
-9008
9307
7335
-5591
5371
-9166
-5040
7097
8274
-3564
-3544
-739
-9614
-2384
9528
-6263
5121
-60
5154
7898
-8985
9712
-2294
4294
424
-4641
238
-447
3194
-7345
53
3869
-559
3059
-7184
1349
-3802
-7292
-9391
1185
-2898
-7515
-9717
-1392
8735
-7596
3062
330
5677
7942
-3052
-9847
4727
4989
-6502
-3277
5461
1771
-5777
9386
-6065
-274
-2960
2789
3884
-4199
9502
8752
4702
-7646
6286
-1461
-134
-4229
1371
-2393
-9801
-4848
8321
8280
5523
-8700
5583
4503
-9375
-5877
522
-135
-5903
1676
-7200
2342
-6030
-4724
-7176
2751
218
-433
9406
-9329
1469
-2056
-7932
8719
-3024
5471
-5059
-4805
-9859
9593
-1134
-3520
9408
1381
-2977
3619
7452
2196
666
9373
3733
-442
-7082
8875
782
2500
-6585
9139
7826
1598
-8055
1430
-3313
1174
5951
603
3543
8945
349
-3632
8474
-6000
-8446
-8324
8684
538
4628
6471
-8566
7790
1522
8478
2256
6871
3419
5682
-5552
-1370
-5848
-9764
348
-289
-7
269
3166
8723
-6447
-114
-5421
1769
-8671
-7267
1409
-2703
8622
-9226
5179
-9337
-6438
6704
-6282
1894
-5719
6302
5805
-4526
-5301
-9114
8361
9807
3066
-4771
-7575
-9826
7804
-1186
-209
-1957
1016
-561
5941
3139
1334
9576
-6265
-9223
-691
-4848
-3319
-3744
-2255
-8291
8970
-234
6398
6511
8891
2637
4643
6410
9152
-46
3686
-6950
4394
-3180
-8680
-637
-3725
-4665
1380
9951
5810
-7730
-8528
-9903
5181
164
3673
-8718
-5894
5582
4216
-3808
-1569
-8820
6274
6059
850
8388
4608
-1110
-4146
2878
6039
7662
-1946
-673
-4306
-8656
8676
93
-9048
8777
-2353
-482
-3906
9087
-1189
4173
264
-4809
-2277
-8015
-1049
2282
451
-1741
2587
4739
-7122
7560
-1337
3943
9380
-2202
3456
-4977
-5704
-6990
6848
-6741
1944
-6458
2112
-5125
4510
1936
9057
-8880
844
4076
-6130
7422
-8827
3259
-3223
-7975
9951
8579
-5248
2662
6033
-7709
2234
437
8342
552
-9371
-5200
-5726
7777
9175
-1814
-2291
2381
-5063
8119
-9292
-2696
4913
-6940
-5828
-3140
-275
-9743
-6018
3880
932
8326
3241
7299
4540
-5899
-3585
-2870
2794
5922
6825
-5145
5527
-7353
6781
5779
3832
-1003
1649
-2153
5986
6883
-7955
-2381
4194
-6127
-1126
9904
9079
-2539
1292
-6701
-9865
3025
5896
6283
7106
-5896
-8174
-7883
-2847
-3998
4737
-106
-1253
3472
-3569
-5090
8459
612
2538
-6319
5541
7761
5525
1083
9864
-5576
-3264
-4459
-7895
3095
-5056
-438
-2517
-8603
2963
1790
2355
-9959
-7238
1730
-2633
-6647
4537
1222
1301
3895
-7238
1761
8137
4494
3944
-1359
-337
-1338
4402
3635
-4251
4091
704
-2014
1805
2717
-6537
-2585
-7205
-3647
3356
-1608
5590
-4645
-1956
-6372
-2356
-2223
-8860
3412
-8931
27
-7202
-8474
3123
783
1019
-2527
-7481
-3855
-5317
-8447
-3752
8277
-6896
4810
-5815
7465
-22
-4425
5867
3235
348
-804
7545
-2060
491
9515
1334
1765
-8383
8170
-4857
-2642
-4362
3162
-4360
-3395
-6751
3930
-1279
9490
4426
8335
-9524
1383
-6922
-6604
1924
6291
-7491
3457
7067
-1765
4524
-8479
-8601
-772
-1787
-779
-880
601
8837
9651
-652
2661
-8031
4247
3578
-8703
-6780
3817
-5910
-5583
-4265
8281
6579
6922
-3254
8675
6462
2292
-1570
-3126
7128
-637
9737
1089
6767
2027
2048
-5636
9697
1354
-148
-6071
5778
9959
-8456
-8228
579
9479
3631
-8717
4394
-1206
-7020
-4704
-8543
6911
1342
-3763
2088
317
6887
5197
-198
6320
8203
-7915
-1573
-1285
-6951
7373
6088
-1091
2367
5651
6413
-6410
-2896
6829
-2368
-3226
1247
-8250
-5161
3971
5096
7710
-7834
6917
3793
-5176
-4971
-6520
8161
-3415
7803
-8000
5949
-7937
2435
-4860
2842
-5972
-2418
-8782
-6405
-2077
8117
2129
-4904
-4606
671
-5682
-7348
9746
-2375
4915
-4219
5252
-5311
-6991
-9200
-6171
910
9288
-7986
5097
-9163
3298
-2472
3916
5332
7352
-3301
1982
2620
7186
-6229
-7376
-6985
-4449
6456
2131
-1469
2490
6756
7437
4593
-591
-6014
5670
-4180
-8123
8216
3938
-6457
-5451
-5579
-6579
9925
-8625
8904
-3511
1026
-1345
1444
7824
-3527
5369
-316
4235
5731
-8702
-3784
3832
1543
2627
6911
-8361
-2442
9632
203
195
315
-393
1156
3489
-5522
3429
2843
-9785
-9825
-8113
-547
9690
5773
-5698
-8620
-2423
5736
-260
-24
2477
-4852
-6796
-1635
-289
5046
90
-7335
-4106
3617
3932
9252
3214
4322
-1394
-2684
651
8567
-8560
2548
-5986
-3477
-7878
-8342
-3728
-7272
5174
-9046
6514
431
-5079
-4682
-8229
-9185
-4085
7476
-4568
-3006
8758
3981
-2348
4683
2770
8090
2764
-9950
-9040
1180
312
6754
-9179
-1696
7013
9685
1421
7573
3148
-2024
9977
-502
-9545
-3468
190
5626
-3058
-1828
-2330
-4453
1700
-2864
1373
-8865
5785
5146
-5343
2869
9750
-117
2512
3019
3709
9558
-7889
6610
-7286
5570
-5302
-2160
7140
-1376
422
-9326
5912
-1962
-1618
-3518
-1269
7980
6064
-8327
1148
9962
2045
6614
-4283
3356
1495
2670
5211
-8505
4986
-2922
8880
-9079
-1320
6300
-5611
3261
-3354
4658
-9693
-8146
6247
3650
-9390
6967
-6407
-3759
3063
-143
7531
5720
4982
-3244
-693
-7257
8649
-6568
5622
503
-671
-6014
-3772
-7031
4360
-448
-3623
-6903
3553
1281
-2715
797
1796
-7200
1273
1870
7781
6900
3993
6345
-8689
5110
6489
8119
2721
9069
-4375
-9431
-1645
-7906
4051
4425
4093
8091
-2452
-5919
6675
1332
3878
-2734
-845
7746
6309
-2757
8928
-1638
9846
5616
8284
-6974
-4089
3842
-5253
8957
-5048
-8191
320
5814
8505
-9028
3289
4765
7432
6327
-1827
1308
-8003
-2900
-1703
-5954
-9851
-505
7241
8087
-5035
8545
9666
-7907
708
-6365
-2232
9288
2437
-6281
-4491
8220
-5035
236
3685
-2445
824
-3132
-6969
2164
-8173
-2238
8047
395
7043
-4938
-313
-5066
3700
-2310
-6705
9634
-7121
-1394
1902
6359
-8857
-432
8139
-5602
-8689
-4734
-9125
-6943
-4458
-8420
9421
-1724
799
4371
-833
-593
7074
-4692
9357
3619
-3162
5602
-4851
1685
9481
5014
6167
1678
-8374
-5679
-252
7005
471
-7301
8197
-9212
4481
-4127
-2804
-8054
-925
5309
7829
-1783
-3692
-3280
-7503
3179
-6833
1903
7164
-8400
-369
2932
4402
-2
9622
4835
4214
510
-5508
98
7521
-8353
-4729
3752
-5730
-9302
-995
8186
3117
8842
2938
-6243
-3503
2195
-9290
-2840
-1436
864
7475
-5186
-2496
722
2135
-1632
-1694
3620
-3737
-4264
7364
-4893
-9515
-4272
-3074
-946
-8566
-7369
1923
16
-8298
5790
-3746
-5415
9553
-8718
8758
-5958
9238
-602
-6471
6979
-8990
-1784
9629
-3512
331
-8237
4163
8771
2985
-3499
1832
4534
-5894
4241
-9407
435
3127
7577
-1987
-7879
-5500
5879
-5058
5017
6846
6312
-1612
-1280
-8262
-2217
1709
-6231
-2560
9907
8670
-4811
3769
-7761
-6416
-7149
-9776
6692
-6983
-563
5799
-7014
-3712
7347
-4269
108
-2836
1009
-2074
-1441
8412
-4314
7953
7453
5100
-4176
-8272
-2217
-5107
3762
2021
3920
-3348
-9586
3063
-7572
-6694
2310
-1385
-5363
-7878
-8726
-8723
-48
564
5175
-3045
-5930
2733
-7163
8448
-767
5824
5932
-50
-2585
527
3843
1909
-4353
-7659
-1146
2566
-6533
3452
-2669
-6023
-6921
-3523
-3234
-8624
8580
-251
-462
4442
5737
-9998
-920
6753
-2368
4230
1458
-9519
-9922
334
4724
460
-5524
3640
8138
9831
-4993
1907
4865
464
6331
4027
-8384
-8347
-5156
-4680
1530
-1586
3569
4098
2612
6192
-4686
-5414
-2450
8552
5210
2905
-3425
1336
-2752
-5325
3571
-3926
-506
9152
4906
-5656
1201
-4534
566
-9763
432
-1742
6040
5791
9417
-2208
-9430
6682
7995
8683
346
2258
-3541
8861
8355
1284
8428
-6096
1050
3147
8268
8789
-7194
-9036
8974
9161
9550
-119
8606
2625
701
1293
-705
-4443
2562
6865
-5900
1223
-7141
-9879
7375
-8195
1133
-4768
9324
-543
5335
-7928
9287
8649
-354
-7672
-587
-9677
6900
8566
-1243
2314
5905
9851
6705
9344
-8707
7629
-5665
-1881
8947
-2843
2284
2225
3575
-1946
9060
-9175
-7740
-8108
-7106
-8447
-1035
-2130
4173
-6422
-1229
-471
-8015
-5526
-8024
8654
-7993
2486
9873
4820
-7243
5780
595
2811
-5493
5059
1789
6402
-4489
5686
1142
-6848
-3787
-3589
-7053
-118
9017
-520
-723
9340
1469
2528
9843
781
2840
-569
361
-2757
-6241
6505
-3169
6986
-7283
741
5604
1972
-9623
-6508
1848
3905
-5807
9073
-636
-49
-9396
-7464
-7151
7337
-5012
2370
-2055
7564
5147
-1823
-9095
4096
3627
-7903
6481
-3959
-923
441
-121
9482
7658
1452
-7728
-9322
7434
-8168
366
-9488
-4681
-9160
3743
-7750
6296
-9736
5071
8926
1473
8267
-2995
9856
-8693
82
-2743
2849
8987
-1637
38
1461
-62
8870
2421
-8357
-2514
-2586
8052
6366
-7313
-8856
-8680
6444
-1192
3815
2728
5067
9593
-2038
9503
-9316
-388
2087
7382
-4630
5381
-1317
-572
3234
-1685
-5070
3918
7306
-3434
3668
-1397
-8276
8621
7175
4932
7227
1441
8494
-1718
-769
-5743
7051
-3435
1225
-5291
4929
-540
-9747
-7819
-7334
5472
9328
988
-6510
-1389
-3652
2522
-1665
3690
8546
9181
6800
-1033
493
-4045
2342
6706
5545
2069
6629
3547
-5129
6934
-8117
9594
-9806
11
-7039
7626
5701
-2889
4925
-1352
3262
-7986
4911
-6082
8874
-5488
-9878
702
1615
-6510
3759
-3873
2615
8155
1521
6945
5175
-1324
740
3486
2640
2031
6484
-9370
3755
-8637
-5928
4125
-4807
4657
-4200
7246
-7080
8985
-1794
4677
383
6424
-5815
-5662
996
1687
-7330
-2918
7322
-2309
-8919
9018
984
-9840
-1444
-8773
-5622
-984
9803
1990
9030
-1144
6323
-8720
1463
7564
-153
9190
-9489
-2274
-6890
-506
6162
-4114
-335
2836
-7963
-6949
-9133
9470
-7034
-5684
-184
-6216
-5022
-2694
5319
8267
7214
-3570
1559
-2202
5975
-8975
-9709
5627
8805
-6538
-6313
2078
7725
-6881
412
2727
-9950
-3783
-2547
-8084
1466
9296
-5482
4440
-435
-7984
7537
-5823
-8900
-9140
-5222
993
-8190
2642
-2793
-6572
-251
200
-4301
658
8329
2412
-2544
-9989
2760
-6500
-8560
171
-6353
-9991
-5461
-66
-5307
-8111
3716
3587
4670
3974
-1915
2451
-359
-9927
-3850
2245
5227
-4124
-2740
-7022
3731
9269
4233
-3999
892
-2371
4404
-3301
6154
-2511
-826
-4617
1474
-4412
3168
-9470
5926
1648
2561
-892
8404
4281
-6990
-6126
-1802
-6113
-4334
-6862
5851
-5556
-5528
8613
-9308
8190
-5208
1371
8670
258
4814
3085
7243
1564
6174
-6060
-5002
4822
-9454
-1341
-5885
-8096
1228
-7721
2047
-7963
-8843
9809
-539
139
-1279
7710
-7141
7988
-1126
-3438
-6909
4606
3348
-7647
-4725
-5351
1555
3242
5217
536
-9189
6491
4353
2369
-7029
2285
7057
-1385
-1050
8600
-9821
-8325
-6929
4268
6203
1510
7679
-4754
-8658
6198
9388
5592
-741
-4917
-1771
5617
4610
-3565
3912
-1966
-5706
-646
-9964
4244
6960
-4755
5887
-2461
-7277
5120
8650
-870
-5201
-5530
9735
-8800
-1770
-4860
-1413
416
-348
-2162
2872
925
7405
5011
3098
4610
2208
4687
6065
-8692
-501
1547
-6654
4501
1409
4501
-6259
564
-8514
-6465
-6576
-9357
3113
7854
-288
-5027
7005
-4118
-112
649
-1488
-3834
214
8220
-8357
4280
-4580
-6636
2132
4399
-5245
-3579
-2289
9227
-5102
1051
-8830
1430
5981
6675
7166
204
6669
-6303
5317
-3526
1707
7372
9088
-1149
-5408
8839
2994
-1639
-307
-4480
-2181
3315
-8050
1276
9965
1184
-3310
7804
1866
9396
-233
-3561
-689
-738
5789
3469
1167
-3172
-4184
5549
1732
-5364
4000
3881
-941
-9751
2413
1350
113
7686
-216
9959
1914
6292
3332
-9478
-6734
3370
-7074
9703
-9626
-7176
-2738
-4188
4785
-5264
1045
6539
-8091
-7778
-3961
-1089
-3403
-530
1430
-7925
9714
9424
1170
-5905
-3185
-3802
6719
9345
2223
4024
9989
-1361
2500
-5252
-4281
-4854
4612
6902
348
-8602
-549
-4870
702
-6416
8426
-7491
-4721
2725
7418
-2005
-4880
4351
-9219
-6868
4497
-6124
-8015
5229
8602
3916
3224
-8933
-9522
-3487
-9448
-3883
9937
6940
-1071
-7992
-473
-1283
-8737
1870
-5774
-230
-2905
7117
7942
-1635
-1663
-5169
-6633
-1179
2939
-2568
-2446
-2846
-8090
8404
-6695
-8456
6859
9227
-4628
3960
623
-1251
-8565
7033
-1398
8358
-6855
8068
4771
8427
-6139
9281
-8278
-6801
-8458
7151
4579
6364
2522
6994
9910
9662
5336
-2771
9310
5563
-9407
-6994
3212
8214
8306
2503
-8257
-8290
1142
9224
-682
5963
7672
-9295
9436
8773
-4694
-2635
-1307
-137
-422
2402
6829
-4698
-306
-7519
-5118
6045
-3730
-374
-4482
-7419
-2541
8498
-7984
-1092
6936
3840
5239
5184
-9914
-6510
1196
-3035
3585
-7602
-7614
6098
-5008
231
419
-634
229
7326
-990
3511
7746
678
860
-792
6995
6468
6844
-1072
5121
-3502
1117
-4766
-3369
8796
3374
4369
-9415
13
4880
1393
5590
-2330
5173
2201
-7209
4192
-9366
3436
-6831
-2305
-742
5128
-1584
-5418
-794
1307
-5949
-9771
6103
-6439
2286
-7107
7464
-7492
-8018
5432
-9602
-8605
4994
1054
-5444
2487
-705
-9110
3158
-4331
-757
-6327
-9322
9075
-9152
-6700
-9854
-3162
-7579
4853
754
-4680
3781
2478
-156
-7511
-669
-6147
-3373
18
3845
-9576
3397
-4782
-1897
-2582
-990
-9537
-6446
-9304
3377
-3808
-4861
4830
4435
-3103
2013
7700
-5569
-30
5409
-7195
906
-1774
6401
905
6317
1593
3431
5781
-1051
-427
-5795
-7998
599
4734
995
1481
-4006
-2969
6994
-3190
-3109
-1909
-4860
-3002
1327
-3944
-6969
-943
4357
-6218
-6176
-4419
8815
8983
3690
8020
-1714
-8524
-4520
4076
-5659
2296
4846
-324
641
4718
3969
6271
-8170
-6196
-7060
-8445
1452
-5061
8118
-7130
9571
4878
4952
8763
-5603
-9415
9315
6710
-9149
8648
-3346
5023
-3144
-989
-365
-4157
-2419
-9531
-4881
9211
8598
5539
-4916
5265
-9296
-7698
7541
9492
6861
5366
-5656
9511
9956
-251
-2631
9969
7051
-2804
340
9389
6645
-2999
-446
1563
-8302
9466
-6105
-6523
-8342
1876
4235
-2139
4983
7828
-6976
7643
-7174
184
-7996
2784
5186
-7810
-3720
-2353
-1769
-6898
2693
-9903
-7703
42
-8346
-1727
7961
-7138
7645
-9024
5565
-8435
-5899
-7225
-6440
-4241
3250
7540
-2424
-2579
-5158
7681
596
-6125
-9265
-6355
-3776
-3030
25
4631
-5716
-5810
-6567
-3656
1899
8817
5164
-852
-8391
-5079
384
-2861
4194
1552
-1268
-7281
4425
6372
8107
8768
9249
1250
8870
-3266
9782
5822
-9511
-4899
9999
8061
-3605
1032
-8575
8991
-196
5740
-620
8340
-633
-715
3790
-8685
1350
1421
-3858
3038
-4290
-741
4760
6878
2307
-4007
-7087
8480
-3041
9782
5713
936
7644
-1868
1969
5963
1977
-2705
-1979
4905
3198
2677
-7584
-6684
-6713
-7838
609
-8417
-7821
-5029
7760
230
-8216
-9016
5841
3324
9653
8294
-205
6792
3387
7741
-2173
5955
8792
-4666
-7066
2116
235
1804
7878
5366
-4679
4798
-2289
-3970
1801
-4990
2512
-8529
6725
5170
8256
732
8823
8310
6954
8676
3854
-6335
5104
6901
-807
9291
-6694
3195
5575
-1460
-2780
-1563
-6408
-2807
3889
3975
-5351
7922
4961
740
7978
-3170
4065
-5400
904
3140
3223
2410
-6745
9518
-8945
-2714
-6232
-6701
7808
3582
7914
-1357
1882
-8031
-9767
-1955
2838
9502
-226
-3954
-6218
5295
9576
5378
3323
7429
-4152
7011
2606
-5652
-5465
7087
-7657
8115
-4293
547
-5427
2044
-9651
-3213
-1267
-3109
-7492
-5331
8831
-7136
8718
9929
-8330
8364
-5554
-5191
-9609
-3273
-1901
-3167
-7095
-9838
-591
-2399
8537
6805
-9831
9143
4178
-4269
2041
-4987
-9053
-9825
-4354
-1893
2145
-8235
3253
-7083
6460
-8677
1020
-5789
-433
909
3695
-8217
-7860
2169
2639
-9094
-1657
2709
7285
-5696
6027
-3576
1388
-3473
-8827
-647
7516
2155
-6703
5373
5576
4924
8282
2125
-9449
-7834
-2480
5460
5505
8773
-502
2557
1444
9224
6587
3677
4354
-5428
-3726
3179
-3444
6475
-9784
6780
-9037
-5866
6474
-9727
-4542
6428
9207
7094
8801
-8092
9763
4940
8018
7348
26
9766
-8165
3391
8833
-600
5430
2009
-2023
5185
-3642
3289
-672
-1037
1551
-1969
-9726
-2954
-2683
-756
1098
8881
-5468
-1683
-8225
-9878
7182
-6384
-6554
-2814
-5632
9211
6520
9891
3495
1371
6667
5490
-8859
9440
-8507
9332
9075
5251
-695
5665
6134
-1692
4393
-3187
1881
6991
5890
320
657
-2593
4275
-659
-5580
4173
-7328
-5059
-1356
1972
931
-3571
3990
-4277
8364
8412
7219
-4204
649
-8756
4622
-1469
609
-1227
3280
-7020
-2531
-263
-2877
1859
35
-6639
-6140
5553
-1775
-554
2757
7890
-7232
-7538
-7406
3570
-7097
-3370
3988
-189
7552
9782
-382
-5362
-441
1807
5281
5123
4593
5006
2410
4069
-3108
8119
8072
9593
-4539
-9132
3152
7220
-6447
-5865
2472
3374
3489
-9457
-843
-7717
2320
-8450
-3461
-6134
-4133
2266
3685
-5282
3103
926
-6079
2518
-7122
7862
-5243
-6323
-7632
2926
6049
4470
5403
1394
-2841
-1016
1697
605
-7855
3405
8890
-5901
-4293
-9676
8708
-8162
-8537
-1258
-9202
6486
-6555
1123
-6095
-5344
7723
7288
-652
8009
3111
8544
-1970
905
-1265
6859
-8290
-2182
-1249
2677
-5357
-3553
-2110
8115
-7513
1459
-8279
-7907
2926
-8781
8473
-1327
9166
3986
-9018
-5055
-1369
7166
-2687
6025
4589
7377
-3967
321
-9691
3241
2345
3477
-2652
9799
9653
8642
-9316
-6069
-6333
5234
-6388
2581
-6563
-8291
6747
-4367
8086
9615
-6
5027
-2771
8760
5837
598
7780
-4605
-7177
-8586
8505
-1469
-3723
-6739
-7174
944
-3694
-2469
9839
8539
845
-2843
-4624
-9573
6079
-8302
-1751
-3554
1298
-3935
917
-7124
-9254
-5098
7501
9022
-9443
2863
-3650
6517
-9238
3116
-2147
-3397
3468
-599
-5500
-6886
9823
8763
-712
-7259
7157
9694
-3202
-5913
7498
-8451
-8764
6242
547
209
-9196
6524
-9354
4811
3421
-1145
-9354
-5271
6304
-7124
-7983
5852
-1876
-29
4208
-7486
8530
1238
7927
-9820
8334
-2795
2912
5433
-2311
-7420
9471
-2962
-3312
-9312
5663
3354
-729
-2473
4350
1297
6841
-4641
5803
-1852
-8574
-1360
-8990
-2944
-3582
8433
-4381
-7713
-9060
-5909
-3776
2169
-9451
-1542
-3037
2530
-895
7795
-6732
-3828
933
3927
1941
754
-5070
4039
4162
5879
9704
3103
-731
-3689
-9643
2955
5295
2066
2685
5138
6514
-5891
2604
-4600
-4321
1238
-7366
-2822
4178
2596
-5675
5440
-189
-8501
2943
5321
9262
-2795
8037
-2334
-6929
-543
8313
-3212
-8693
-1025
-5800
8462
870
-1321
-4545
-6058
4736
-932
7713
-2555
1266
-4513
-3427
-3824
783
6140
-4559
6328
-9641
2286
8050
-6746
-3522
-813
-8270
-7559
4336
-8990
5927
5116
4464
-7861
559
9071
4754
3941
3593
-3841
-3570
4275
7396
-648
-7117
-9229
4554
-8774
8675
-1888
-6807
-199
5718
7575
-6223
-5777
-2635
-6024
-4806
-1633
8480
-7496
656
-3269
-6188
-1533
601
-1390
513
-3508
3689
7240
2575
-312
-3004
-7451
-4653
-6397
6758
5568
-9953
2097
7266
-2196
-2594
-9392
2612
-1810
-9223
9727
4382
3148
-284
-9307
-9055
7710
-5843
-4073
7781
7543
-3474
-9270
-8142
3460
-4161
1114
1936
-2554
-7179
6730
-8697
6162
-4606
-6489
-690
-9328
-8357
4014
2663
3246
8375
5912
-8749
5253
-6282
-6817
-3999
-7958
-5561
-6592
9034
3738
8850
-9444
-5668
-7784
8155
-6407
-2138
952
-2739
-449
-5841
2754
2193
8933
9025
-6982
-6062
615
7604
9104
5464
2002
-1362
243
-124
-5982
-9839
-1265
-1965
-5945
-8712
-2460
7546
-5493
2128
-238
4796
390
1733
9795
8797
2944
5006
-3083
-8596
5789
-8514
-5895
9197
-479
7310
6564
-5931
8693
9077
122
2638
-7106
-1935
-1568
9722
4098
-4001
6843
3984
-7864
8291
6344
9569
8648
-5640
-7160
6492
9168
-8168
-5367
3209
4059
-6379
3329
-4805
-1481
-5324
-4459
5305
-5501
6729
6818
2008
7459
-2281
-415
5577
4990
7190
-8852
-7262
8288
-4491
1947
-7767
2595
1651
9761
-7835
3056
-5036
5002
3469
6399
4780
-7684
2848
-3960
-9044
-7287
4898
-5922
3637
5152
7071
-1642
4827
6243
4285
4679
5790
7051
-3524
-9964
-1261
809
267
3370
162
4264
936
-716
6488
-4432
853
-6532
905
2045
1379
5751
9959
9053
9066
6894
2997
-3000
-4643
8384
-1769
-4069
-1288
4480
6969
-4134
100
-4466
2033
7195
-2624
82
4206
-3229
1569
-4029
-6335
3010
7956
-6028
5035
4148
488
6805
-2119
5746
5820
-8295
4531
6761
3774
964
-7923
-3935
-6349
4786
-4110
5924
4456
-2348
446
-6493
1242
3701
5568
-5162
-1982
7512
-4678
-7965
-338
6731
-5942
2335
-9347
2772
-3084
7164
-9594
1721
-5169
-6623
-2630
1215
4105
5180
-1299
-5287
-7498
-3382
3776
7613
9706
-6566
4541
-8483
1603
-9297
-158
-4665
-1594
5344
-2214
6862
-2620
8725
-9885
153
-9146
8782
-4295
-6389
8358
-267
8542
-1985
-7054
4514
-7623
4917
-5167
-3818
7131
-6410
-1629
-4542
-767
1374
-4760
-4569
-8754
9758
8562
-1904
4342
9909
-6537
-958
-9697
-7051
-9134
-1946
-6157
3566
-2197
1293
-5125
-3580
-9229
8043
5359
7454
2503
-5433
1974
8867
7786
9595
5556
-4895
1792
8152
-9335
-812
-4955
-5330
1490
-8846
-9191
-834
3563
3123
-6632
6776
6514
-1662
-716
-8494
-9514
932
1467
1473
-1915
4931
-7355
-876
5087
5180
-9833
-4979
2348
-5312
-411
-3538
7585
-8332
-7782
9417
6156
5068
6597
1117
-9639
2720
8404
-5695
-3838
5743
6643
2502
9284
6738
693
-7976
-5148
4242
-4848
4806
-4564
9191
-8038
-2712
9903
329
1336
-4179
9164
6223
5281
-1122
6749
5243
6476
8912
-2342
-2216
-1272
-4634
4627
8103
8612
4126
-8479
5402
8675
-9022
8879
346
-8186
118
-5831
7794
-5117
9343
-3373
7086
-6558
9418
5870
-6215
4201
-1440
-2105
6535
9736
6204
3302
-6912
3586
1537
3169
7373
-9577
-9116
-9050
1403
-5562
-749
-7393
4563
4179
-1485
-7575
-4687
-818
3155
2548
-1547
3413
3155
-9105
-5559
-6871
-766
4527
726
5814
9998
-5296
-1484
737
-3466
1436
-2309
2740
-2655
2623
-5699
-8324
2582
466
-938
6400
2606
7683
3802
-4542
-462
1507
6867
-2113
5601
-4866
-4407
-1773
3932
7759
-9184
607
5639
-6722
-2465
-3298
4602
6254
4313
3846
4884
-9302
6407
7843
-4012
-5796
-3495
-4047
3749
-2456
-2558
-7960
-8592
4053
9107
-6324
-1312
-5439
8352
-8614
3238
-4353
-9521
8693
-6283
-2628
-4578
4930
1185
3334
1753
-3148
6005
3007
-4846
6534
-2222
-2813
-868
585
4561
-54
7420
-7783
-1081
1836
7231
7343
-8126
-7243
6809
9624
4951
4187
5595
1932
9988
6970
5539
-9358
-5984
838
-3272
2140
-7121
9002
2132
7359
7690
5858
16
-1367
-204
-4171
-7606
-1708
-1724
-7237
9177
-5026
-6491
7989
5718
-9906
6796
-9845
7479
-6912
2252
2377
4858
-6932
-1378
-4562
-3418
5766
1677
-5391
3247
-6611
9722
520
9572
6335
1935
2718
1000
4075
-7900
9406
-1726
3926
-6847
3666
-8194
-1114
-7046
8419
-7499
735
8142
3221
6534
3701
5675
2896
2144
8582
-7718
-2039
1197
1347
2328
8841
-7127
8348
-4280
5912
-3789
7298
5530
2805
-4646
-7000
3605
-6602
-76
-9022
-1849
-7026
-3322
-5701
-7578
-2964
-3215
1996
-3274
9573
3496
2236
9888
-9275
-5280
-8094
1334
-7652
-4633
-4951
3486
-3328
8669
9142
-6190
173
6084
-4094
2826
2876
9341
-6015
7537
6056
-8091
-3786
-5689
5121
9642
724
-6443
7764
9556
2683
-4699
-9942
6712
-3144
7907
-8144
-8946
-6049
-5495
-4177
35
6305
3897
8907
8721
3259
-4031
9937
-4203
-5207
8716
-7144
-4188
3799
-4011
-33
1856
-3289
4157
-2348
-7836
-6865
-4254
-1941
9321
3317
7112
-7735
8912
7255
6536
8186
-6734
-4088
8195
-2141
4212
-7730
-4925
5709
-1240
696
7160
-9312
-7621
288
2858
8543
3024
-2679
7778
6699
-8490
-6159
-4629
4695
588
9669
-7853
8552
3546
-7071
-5784
-8248
5790
6518
-786
-5945
9864
-7545
9893
-8127
7531
-8279
7263
-2365
-8726
-1518
1163
5004
8899
434
-3731
5011
1478
-4021
-5697
-8893
3805
9537
2726
-216
126
5186
-2953
-5418
-6855
8171
-3277
3516
-7704
-6604
8704
3417
4123
2770
-4836
9195
3423
4580
-8355
-2992
-1832
3
-4329
4689
-8307
-3355
581
-7300
-9853
-5057
-8143
8143
7865
1778
592
-7300
8812
5485
6161
5805
5615
-4176
7172
-2393
-1049
5757
9591
-5246
-7254
9252
-9116
6018
-9778
1190
9823
-3975
3528
-2247
-9043
-1707
-2044
2759
3941
-3515
-4827
6856
5837
8151
3596
-4307
-8390
9379
5208
-1521
-4688
-6297
6596
9406
1175
3611
-4077
-4628
-6093
-9785
-5756
-7046
-1795
770
-4691
-2500
-3397
-3703
3663
-7883
-5213
3799
-4165
3929
1993
-8768
-4306
-8298
-9593
-5547
-9233
6218
5686
-3381
2005
2363
263
-29
-2040
3926
-6748
-282
-8301
-3995
-2834
-1936
-5469
7675
8171
-6331
7115
-8407
-9713
8603
7584
5368
-8481
-7058
-5001
-8616
-7910
5503
-3047
7143
-6544
6680
-5803
8889
2055
-9426
-5210
9706
1315
2949
7432
-8583
-2737
-7637
720
6007
-3902
-787
-6688
-1534
-6332
-6087
-3039
7253
-4560
-874
9861
-4717
2517
853
3749
-4976
7138
3191
-1756
-5285
-964
-3846
-6937
-1033
6528
349
-5883
5247
-9561
-4504
5102
-6830
7544
3091
-2873
-7216
418
5016
6737
8581
7763
4534
-4063
-3624
1561
2262
-4017
-2845
-1873
-4296
7860
2245
-540
2454
-7022
6904
-1964
258
3553
-5049
8598
4190
-176
-7955
-1343
9136
7598
6771
-4088
-188
-3289
-3141
8179
-7391
-6790
7579
5446
-7437
7342
5001
-6179
9892
-1550
5818
-9678
4226
3378
-8898
-365
-2110
8921
5514
2918
9498
8273
906
7629
-1322
-2315
8923
-7050
8639
-6016
-7892
-1209
9781
-7040
3410
5904
887
-5836
-5582
-2116
-2662
7955
-4493
7250
2164
-915
-4680
5396
-7888
-9521
1348
8655
3722
7765
-503
-8307
-4812
5283
-7789
-7341
9325
4399
1948
6786
8621
3788
-8965
-4194
-4100
1616
4157
4376
-1246
4987
2576
4237
-4292
-2362
2225
7804
-7
4735
-3059
6080
-3389
7420
2463
-468
3373
6601
-1215
8966
-4732
-6684
-6714
2444
4868
7720
-4747
-7312
3498
6446
-2792
-9991
8144
-2222
-3930
562
8991
8647
-5179
7556
-1201
-2434
-2786
-6881
-2461
-5271
3700
8151
364
-8675
4028
-6139
4564
6705
-5963
-6898
3745
5776
-717
4081
5020
7749
-1101
-8693
-5850
-6987
-6546
5407
-7343
3271
7940
4513
8640
6916
-2992
-9528
3632
8289
-2150
5523
-8076
-6497
-1879
-2442
873
7168
137
7303
6824
5108
1029
4292
2042
4665
-7324
-1854
-881
-2611
3794
-4956
-2400
-4573
-1507
-8021
9345
-9188
-2459
2447
-3363
4688
4725
-4394
1701
5971
-7036
-6695
2894
4039
-1413
-1643
-7914
5683
-9012
-8610
-5956
-6539
2036
-4816
3565
-1379
-9581
-5757
1113
-5129
-2190
2361
-556
-2049
-2326
-9180
-7355
-7100
-3941
6052
-1365
-1420
7194
-385
8324
1600
8474
2842
-8014
1763
-1777
-9125
6566
-3569
-8918
9981
9360
6468
-1731
5012
7013
-3757
-9626
-9066
4342
-4174
-2772
7945
-8889
1311
4866
6509
9440
-5423
864
-3392
1736
-3904
-3050
-9613
4470
-4753
2251
2391
-4807
4444
5400
9864
-4584
287
-5236
-5122
5311
-3257
4504
6460
-6158
1203
-1087
-3109
9191
6212
-8379
-2293
-3627
2921
-2170
-84
6309
1509
-187
5940
5802
-3311
3767
-8818
-8496
-8489
7475
6507
-6972
6039
-7493
5624
-2433
2224
5952
9875
-402
-1901
-3854
4447
9603
9859
5927
5577
-204
1574
2471
7829
-4341
-1223
-9933
7837
-431
-7485
-6686
-90
5264
6393
-7360
2875
8739
-1861
8895
6554
-5791
-7793
-1995
8565
-6939
7848
3887
-7359
3321
7630
3931
128
7328
414
8873
9349
-1367
-9225
-3215
6548
944
621
-5873
8738
-5996
5642
5025
9378
8568
8531
-4306
607
2419
6935
5761
-2233
4526
1164
-62
802
-6048
-9011
7785
5911
197
-1311
5869
-4969
6946
6713
-28
4925
6748
2007
1252
-5383
9013
9616
4623
-925
7002
4646
-9745
791
-1895
8996
1165
-1110
-1646
-3445
-4027
-2896
5250
3627
4474
-1975
-7236
2804
9932
4773
-7252
-1653
556
-299
-8871
1641
9926
5097
-3729
2446
1422
-7765
18
-454
-4791
7555
2373
4727
8766
-9206
-656
8624
1531
-5992
5416
9477
6855
-1578
-1426
4073
8256
-9752
2926
-381
8856
4395
2279
-9513
-7912
4694
8428
-3477
-5406
19
-8721
4516
439
-8379
-1501
5971
7646
1994
6446
215
-9458
-5408
-6677
7578
-5717
-2976
-221
-8730
5717
-4656
9517
4469
2750
6044
-351
-1729
5590
-8982
-97
4433
-5228
-7723
-6237
5407
7228
7249
-5632
6048
1637
5305
-5866
-5491
5856
740
8951
280
8318
4762
4021
5708
1037
-2080
5711
1972
6341
-9286
9113
-990
8907
5765
9832
3154
7345
-9156
682
-9828
-1451
-4084
8318
-3288
-5654
2144
5058
-2140
-6115
-6725
-600
-5383
6532
3246
430
-9183
-2349
1551
-2526
9786
8852
-4222
-5386
-6047
8174
5499
-8092
8897
9789
6137
2680
-1222
4712
-3064
4056
946
-5626
8689
9675
-2099
3473
2864
-9430
-6765
6627
-2575
2723
-4019
1534
17
2940
-89
7631
-2795
3148
-1024
7669
-2672
-5386
-8880
6828
2340
-876
2830
-196
3597
-3178
-49
-2904
-1432
9535
-3124
8718
-5605
-5538
-5136
-5076
6821
6222
-5559
-8514
8397
-1278
-6759
-2081
-158
7447
-3647
7405
-1631
-9013
8839
-4101
5637
1968
-1640
2975
-8286
8109
3955
-749
-1618
-8398
5056
5759
-6845
4671
-4310
-7352
5758
4926
-1527
8663
-9485
-96
-5157
-8266
-3648
-2993
-2190
-2668
-8237
8415
-7246
2130
-786
422
168
7794
825
8606
6663
8946
1228
-2924
-9733
-2737
-5713
5561
9589
1309
-8761
-506
-7406
-6367
-8884
-5612
2939
-7916
-340
-3331
9546
-6020
4376
2603
8343
-9753
3024
-3834
1604
-6268
5114
-3442
5575
229
6014
9467
457
-1332
-4181
3615
6149
-5089
981
1668
5072
-5204
-2218
-7171
-2289
5600
7326
3112
-5680
-7817
-8127
9766
8486
4075
3896
-4311
1771
-7757
9690
8232
5735
-8544
3192
317
8110
9869
4502
-4526
1252
9617
-5860
8812
1218
-3195
-9442
-3980
-901
-1858
-3161
-8829
5355
9765
-4857
2403
4728
-188
-7130
9727
-3941
1641
5445
-1705
4801
-9222
716
-2758
1504
-480
-1579
9682
-5143
8657
281
-5996
6017
2660
2912
9078
-7131
-488
33
-5343
3383
-6559
-8871
3306
7314
3066
6038
-2808
-6148
-6506
-2494
-6861
-6195
-8021
-4109
-8058
-3684
-2982
-2676
8349
-5838
-4459
-857
-2565
-2377
5351
-6811
-6075
-753
8645
7457
-29
3222
3023
-6888
-8565
-9398
9874
-5775
-4639
7949
-309
-7228
7091
1322
2669
5426
-1599
3335
5016
-8385
9617
8833
2862
6373
-8270
-632
57
-6074
-1825
-9437
2816
-1725
-5680
-5272
1421
4240
-4792
-644
8784
9801
-8277
5084
-3931
592
8058
8971
-1012
3027
-8287
3146
-55
4630
1876
-2953
6346
-7918
1246
-8708
4977
-4727
-3229
2186
-8644
5880
-8479
-2372
-4071
-5275
-6353
4777
714
5348
6693
7529
-5043
6447
3020
-3322
-716
6230
9469
6287
8153
4874
6414
2308
-4271
4187
-8054
8038
5138
-6438
-4976
-3446
7228
-3781
9353
8562
-8497
-73
3172
9465
-3418
7295
-791
7219
410
5722
3438
-5044
8278
4328
-1249
2503
-3247
9070
-9847
-3036
5979
7374
-472
-6617
2914
-2055
5930
-3941
5797
7478
1955
1205
-7374
6258
-5154
7523
-7510
-8362
9304
-7098
2700
-3326
4554
1636
-3069
8035
-5436
-8805
-398
6554
8241
2938
5850
586
347
-6642
2026
-6172
-6637
8922
-6873
9457
-939
-5758
6181
-5993
-8368
-984
8367
2639
-1196
-2959
4060
8235
2685
-8617
-8249
-4564
8924
8856
-4330
2896
-4461
-5606
-6646
-4193
1971
-9133
9678
-960
9304
-6462
-5077
4790
1533
5304
-3691
-3307
5329
-9347
5973
-4090
4752
-1078
4129
5251
9609
8832
-4348
-9742
-1845
373
-7542
-8989
-1796
-546
-7817
-298
-3411
-3835
-5483
-1047
1220
-8578
-9433
-9906
5350
-6549
-7519
-9457
-533
4816
-6245
2938
4316
-5979
-3340
-8469
-8500
2854
-2784
-4980
-3580
-7377
-1444
-7923
-9919
-2195
-7603
-4774
1490
-5214
-3283
-5463
2825
-3495
4808
-4108
9347
630
-9718
2947
7326
-8259
2928
-7184
-1642
9351
-7499
-2968
-5154
8572
17
-6223
9586
4780
1839
-375
3958
-399
2731
-6254
1232
-6084
-2946
6820
-2632
1289
3881
15
-1256
-7411
865
1621
6973
-1464
806
3963
-7697
6517
3602
8663
7939
-5955
-1537
1139
-8825
-8743
3259
3503
1782
-4156
-6187
-3976
-414
-3950
889
-6495
199
6159
-3861
-1111
4211
-6016
8022
7381
-1346
4610
-5276
6754
6992
-1584
7625
1862
-541
-5439
3011
8659
6593
-5390
-7935
8588
-8734
-3425
-1457
6935
-1188
-4452
-7758
3025
2403
9472
-2073
4261
-8291
8612
-1536
2767
3688
6146
8130
-4731
-1292
8344
-8286
-385
60
6382
8753
6829
4744
-2768
-3204
-8476
8616
9081
6577
-6180
-4230
7346
6221
-3137
8610
2196
2904
4466
9806
-6904
-7971
187
6240
388
8764
6135
-9577
-9998
-4911
-1097
4296
-6136
-909
-8586
-1132
-2356
5220
-560
-5377
-1788
365
6025
8199
7353
6435
-458
-9823
-1768
32
9796
-5434
8528
2264
-3899
-9459
79
-954
8880
-3539
2071
-2889
4954
-2237
-8351
2682
-1610
3879
-1160
-1096
6477
1742
1208
7039
5420
5646
77
-4357
-1737
6539
9712
9303
-5527
4807
6267
-9607
3441
-5514
6483
2123
1976
-5785
1672
6487
-4972
5042
-7546
3701
8739
444
8805
8270
1187
8051
4065
1427
2178
-5591
-7203
-7740
3915
4876
-9268
-1994
6746
-2401
5192
-9568
8429
-2829
4309
-1787
-2868
4165
9417
3299
-856
9365
-3826
6263
-169
2032
8720
-375
5531
-5902
1293
-7805
1390
37
2493
-287
6908
5833
-7866
6891
348
7524
2186
2671
-9731
9875
9310
-3213
4944
8463
-4720
9830
3191
6371
-7311
7935
-2517
-3075
580
1891
-952
-3947
-6574
4682
1334
-373
7447
-2464
6340
-8138
-6006
-8108
-9563
-8108
5618
-8056
4138
-7146
893
3532
8595
4566
5445
5614
-3400
-6918
-2972
7418
-6846
-3309
-4192
-8105
2605
4420
-4442
9745
-9359
-674
7499
4683
6977
57
5430
-8770
3043
-3425
-4618
9388
386
1797
7515
5653
3067
8604
-8412
-1109
8143
9345
-1004
8153
-3644
2732
6422
3801
2600
-5857
-5205
6068
3701
-1931
1012
9064
-7829
9742
8241
2152
3159
1313
605
-2090
8102
-3572
267
3487
5846
-8741
2171
-8244
-6319
7287
-6930
-9089
2487
-2703
4353
7252
5374
-8014
-6858
6971
4702
-969
323
-9240
8917
4059
1565
-7595
-7390
-6347
-6644
-8846
2956
1069
8302
-1237
-8634
2504
4270
834
3102
8170
4732
-1642
-6778
6328
1268
6909
-7413
-7875
1365
-4965
2543
-2443
3961
7084
8715
6107
9351
-3582
8057
8241
-1659
5486
8654
9959
2351
-7204
-7368
746
6174
-1483
-3901
-3683
6729
9405
-5306
-5397
-560
-9915
7511
-502
-1381
-3533
-4152
3518
-6051
-296
5052
5805
3168
4641
-4885
-7231
-5803
-5420
-9099
9265
-661
1310
-5580
-5143
7888
-1090
-18
8801
692
1323
2432
-2833
-780
2259
7394
-2648
-3998
1414
-7036
-7946
144
-3940
9518
-1293
1719
2222
-6339
7810
7221
-3166
5900
-6790
4890
3708
687
-5425
2851
-1754
-518
-8365
-9385
-1427
-1722
-8726
-5981
-3190
6385
-2338
-8804
8761
4582
-813
-1897
-7869
-25
-7578
1519
5552
4070
856
-4284
6744
-6362
8748
-6802
4808
-2746
547
8482
2572
9546
-1622
1847
9745
8300
8990
-571
-9215
3883
5743
4177
2943
8621
-8099
4012
7177
1551
-3506
-2636
2244
-2079
-365
1930
8245
-9709
2946
1443
4467
2378
-4288
2877
-9337
7626
-2196
-5724
-9746
-3921
8767
-3073
-726
248
-196
-9307
654
4130
-2645
5200
6791
9685
-7847
-8123
-7307
-3748
-1392
-4919
-858
-2346
-4391
5585
4295
-1598
-5503
-3996
1004
5236
-8859
-8192
1182
-5789
3609
-5725
3755
7760
140
-4843
-8843
1000
4857
1527
-6810
-4817
2630
7966
-7367
2029
5193
9876
6893
2818
-4501
-7708
-9081
-6702
809
-5030
-6408
2351
-3247
3378
365
7461
-9042
9578
-4374
2363
-9755
-5723
-7742
2753
9276
630
7350
7561
6247
-8087
-5359
-2631
9188
-4704
2393
-6205
-5719
3288
-7162
6923
4007
959
-7897
3673
8045
2890
2766
1594
3610
434
8569
207
6161
1606
-9321
1757
6035
-382
4333
3426
-8958
2033
9092
-6619
-8717
-6141
843
749
9930
7186
5327
-5226
-6705
-2012
9803
-9190
8386
76
6321
-120
8704
-8429
-8146
1072
-5883
3284
6167
5717
-2439
6402
-8243
-7696
-2164
-6399
-2758
5040
5372
6756
-3280
-6048
-6935
-1254
6125
-9545
-4883
-1442
1784
3470
2099
410
8937
-3679
6614
7866
-2270
-9782
9702
4402
-9720
-5047
-1792
-649
5859
4553
-818
-9021
-1679
6539
-4467
1889
-5120
-8463
4808
-6649
-2156
-1445
2729
4687
-749
-4582
7369
-4988
-2737
-3352
7250
-6815
2777
-1070
7091
-1212
-5111
9259
3945
6397
7854
-2102
-2901
9494
6144
867
-962
-3114
9135
-2967
-3752
-4638
-3568
-8856
2864
6374
2970
7726
-7471
-6416
5974
7806
-3263
-1241
3678
7589
1333
1054
1754
3274
4994
-8404
-7617
4115
-7732
-6364
-9415
-792
1145
1801
-6955
3647
8588
1895
-5366
2053
-3414
9444
-7375
5911
4249
7918
-612
-1044
-7939
-830
48
4167
2608
-4604
1763
8691
4808
8073
-6713
2109
7024
6528
-729
5986
9164
5421
3893
4790
-1872
-7021
808
-9660
-7465
409
-9851
-1112
5891
5601
-3357
428
2259
4080
174
-7250
6272
-683
1389
-5015
7870
2904
9757
4188
1985
5219
-2726
5830
6450
-1110
3910
-6634
9949
-1161
-8018
-8155
-5163
-6991
-587
-1172
6943
-1951
6237
-6338
429
9329
-961
1048
-2210
-206
-8773
-7924
5947
-5562
3960
-3485
-1317
6996
-4342
1509
-6766
61
-3687
-4657
5883
-1260
-2817
1821
-3594
-637
-2475
9628
-3366
151
-8061
-5480
5171
9126
-2242
5656
-7313
860
5186
-1382
-5958
335
-962
5727
1663
2452
-3019
-4927
7617
-9656
-3235
-1670
1760
6515
1811
-6179
9230
6302
-7323
-6956
126
4280
-2754
1538
-8885
-9945
-3338
4196
-3485
-900
9869
2074
1274
1665
1446
3949
-6656
-2695
6477
-3539
-6212
6512
-9127
-8575
-7282
-6129
-8642
4855
-874
-1314
6669
1150
6512
-6644
6212
-1465
3682
-3983
5371
-4031
7484
-3713
4908
-8100
-9255
6978
5108
4012
-2802
2012
8882
9321
4526
5588
-4464
9994
3125
9703
-6665
-4634
-656
-8403
-6033
-3565
5457
-6870
9348
6024
6610
1826
5721
1636
9731
1079
-9938
8742
3494
8624
873
-131
-3635
-8076
2092
-6288
4487
2747
8338
-5570
194
3352
-9047
-8313
6106
8081
-9498
-359
-9147
8427
1354
-1179
-8324
8854
2924
3106
2625
1359
1743
288
6295
-1416
1036
-2964
480
-5791
-9069
1512
-5180
-6770
3039
9073
-394
-4106
187
4539
6645
-4316
4346
8696
4654
-4400
7505
-9605
-101
7478
3779
6692
-6359
-5016
1557
-7942
4359
-1508
8777
-8435
4233
-7006
9916
8689
-4609
6976
9988
3986
-7887
-6320
-4768
-6483
-5677
5513
-2284
82
5481
6765
-1046
488
3965
3109
7105
-2967
-3614
-8017
-7282
1881
-9790
-7410
-5443
9381
-230
6971
43
-9453
-4715
-2862
8341
-535
2379
7511
-6499
6415
1956
1119
9626
8536
-1037
-5669
-7116
3903
1180
-4989
-2176
762
4321
-6965
-2792
638
3548
-1171
-3353
9913
642
-1166
-8954
6644
5220
9530
-1559
-1116
2500
-5251
7432
57
3351
-1264
6608
4698
-4307
3447
3600
1090
-1269
6134
-5666
5269
4686
167
1202
4017
3999
9482
-3083
2281
6928
9594
5589
8200
-1733
-4404
144
5533
367
-1276
-2989
5275
-5392
-113
-3768
6176
9444
1900
3434
9648
8022
2810
1018
-4281
8461
-926
-7346
-9814
-7131
-4259
9276
-6734
2330
-180
1655
-2087
6763
-7184
7726
-9543
7939
9620
1123
699
-5
-2856
-3124
7114
3157
-3789
3673
3446
-1458
6491
4470
-643
-8738
-2696
6396
-6981
-7514
6226
5788
-1749
9394
9417
9419
-5122
-8073
5788
-8776
1271
-475
-5545
8560
6738
2315
-4245
4804
2843
6923
9432
5965
-2970
5673
-6498
7435
8803
3015
8280
-3003
4370
6828
-9996
4702
-9300
7422
9796
-4970
6320
3022
9411
4098
-7077
4623
-4156
-7643
-4589
638
-138
6394
1164
-9514
9738
-197
4993
-7453
85
5921
8451
9988
578
8043
5110
7564
6344
3446
-3908
-9833
-353
-9958
1354
-3250
-3812
4059
-3909
1314
4887
-3599
8278
1747
-8229
2288
-6980
7390
-9702
-6484
5056
-9317
-3910
8166
-7115
3104
3177
6801
-3521
-8580
9192
7048
-4490
-2394
-5139
978
9571
-1108
-6117
2799
-3734
-1074
-2651
-3690
-3405
7871
-7971
-6346
-4284
7988
-7922
-3005
-7778
-9007
564
-4224
-1954
9533
-9577
-9338
9098
-5962
2472
7245
2501
4465
6652
-3280
2547
8216
3415
1344
6035
-517
4503
2663
-9038
2214
6585
7910
566
-2087
-1707
8400
5459
2457
-2380
9382
9893
3367
-5245
-7434
8145
6501
7578
9121
342
-2615
-7760
-2043
6040
-1840
3723
-6798
153
1149
-2766
-4349
-2126
-3171
-4017
-8420
581
-9772
-943
-8080
-5621
-5652
-3810
-6577
-2508
3353
4119
-2850
-4233
-6813
1979
-7137
9959
-8447
-7600
-5298
5487
-4033
3596
7954
4350
5394
8775
-5569
-1732
-7315
4541
-3513
9263
7957
9266
-7165
-6036
-1385
-4554
-3827
-9744
-8737
-3798
-6065
-8137
8801
-3844
-6448
4585
-8068
-2015
-6746
3360
9571
9007
-6323
-7937
2913
6910
-6760
-7756
9300
5422
9830
926
4285
-1139
-3527
6638
-770
-47
4987
5190
1272
8433
-7565
-8355
-3148
-1214
8153
-4736
-9017
1980
8185
-4756
6150
-9612
-4016
-9358
-4137
-1931
6052
9380
-5192
6243
1689
-6519
1588
-9942
4878
4247
-5567
1960
5081
-4707
-1945
-9322
-4357
-6906
935
-1705
7894
4038
-2548
3008
4706
-1184
9765
-4205
1221
2186
355
3479
8616
-5637
-7761
-6284
-9674
3374
-2316
-1489
-3321
-2674
-5139
-9560
-7215
-6411
5893
2138
3406
-7191
-9031
-3730
-1066
374
5384
-4438
4492
-6734
-8776
9029
-5772
-8439
-258
-2881
-9866
-5432
-7326
5498
531
9122
-8782
5962
-821
-9918
-4794
8920
-210
601
-1531
1196
-1509
-1917
229
4488
-1893
8726
2852
-1273
-2860
9102
7201
7714
-4495
7111
6467
5485
-2172
1082
8277
-357
-1965
-157
-4758
-2445
4989
6028
6037
-2119
-7911
-2141
-3235
-9122
8787
4186
-4327
9326
-8551
5352
1699
-250
4047
-995
2249
8491
-1444
-1811
4063
-5104
951
-6517
-9170
4901
1251
288
1659
2954
-4879
-7999
889
6825
-67
7033
-2292
-9991
-6658
-4476
6676
9541
6111
-9782
5303
3295
2633
-5837
3966
-7754
-92
-7417
-4730
5443
-3698
3434
1554
5481
-3160
-875
-7762
3557
-7766
4718
6368
1783
6853
9192
5549
6370
-4433
-2577
-9277
-9596
-9485
6475
-7928
5504
-346
1923
2906
2666
2114
6900
406
8067
-2501
9565
-5159
9676
8458
7875
4873
-9712
2729
8786
-8635
-2253
-208
3891
4493
-1060
-7888
-9665
-4033
-599
-7205
506
9474
-6758
6576
2457
-9412
-8584
2130
-1357
1493
-9500
1043
7385
3240
-2953
-6956
8253
-7016
4086
6200
6589
-1175
-3173
5939
8999
1937
-2290
-5264
-9604
-3722
-8129
2518
1144
-636
9832
1059
-8794
9913
-2130
-501
-9847
-7157
-5266
4477
-5147
5870
-1875
1845
1792
8529
7431
-9736
3235
-8968
-6985
-3712
9012
325
2304
9971
4644
5087
-2910
5184
1917
-248
9198
-5277
-8609
-9867
-4704
-2538
902
7241
-4284
-8724
8704
3919
-5562
-1370
-173
4651
4616
211
4437
-9003
3468
-4123
-4800
-2469
3067
-9896
9079
-9777
-7427
339
443
-9990
-1995
-7448
7329
-6771
-1120
-1441
-1320
-2466
9340
4023
-9423
9450
8401
7843
200
3397
5458
-1302
-496
858
4588
-5689
-5463
1454
318
1514
4845
6760
-3088
-2686
8395
1091
-8966
2822
6364
236
-4765
6679
5902
3251
-5283
-2652
-7308
-7439
5208
-7103
-3753
7002
6734
-8619
9433
-3143
-263
5409
7497
3765
-3876
-5430
-1206
8479
-3859
209
5589
88
8396
5684
-9874
4670
-9479
-6907
-7212
-4637
8475
-5234
8484
50
-1399
1941
6394
-4380
4204
4902
-6748
-4041
4619
-9666
5569
-4722
3947
-1711
4723
676
3204
661
-2555
-5037
-5257
-2960
3477
-999
9276
6639
-309
-3120
-6294
5640
5975
8992
3061
8873
-6493
3830
-8574
2464
3995
-1257
3402
7376
9984
9738
7218
-8777
-8404
-3856
5663
3588
9055
5659
9612
-8677
3195
-5063
-1198
-2617
-6325
-2437
8293
-3134
-2903
-1780
-7768
5310
-7600
-3325
751
-2164
101
6618
-4332
1853
-202
-8415
-395
8107
-7411
-4505
8274
95
2721
4011
7034
-70
512
4550
-4399
-5646
5403
7821
-5020
8090
-8189
852
8799
4744
-7604
9289
21
-9670
-2978
1024
-6133
5368
3118
-860
-9333
9130
-9821
7307
-5074
3234
2387
2506
9048
-3602
-7283
-6910
-2995
9275
7277
4801
-4291
-3627
8005
-5041
7820
-1295
7263
-4423
-4081
-2198
-56
5054
-3857
-7057
-2175
-3578
4752
773
3690
-4489
405
-7706
8690
8935
1731
-8146
-9974
8011
-5312
7086
-1851
-482
-4347
617
-1382
-2247
8736
-2688
8155
9808
-2757
-8030
7340
8336
701
8047
-544
-9092
5348
-5125
-816
-1122
-9254
2778
-4538
-4548
8756
-7486
-6807
6319
3013
-884
-2575
-883
8492
5020
9587
-4561
9817
5886
-4381
-6489
3911
-9627
-7601
-6939
-2085
8035
4700
-2609
9392
414
-8887
9097
-8918
-3041
4730
517
-3952
4433
1148
5082
1076
396
9897
-9565
7233
-6206
4576
7369
-9771
-2916
-4146
-2060
9365
-6646
426
-6044
-2878
-8553
-7951
8178
-1889
-2367
-6419
3171
-3084
8004
-8179
-4257
6333
-5119
6014
-2775
-2173
-4450
-6244
9753
-1127
-5575
-3075
-7567
-9374
926
8737
-6198
-3371
-9603
-9583
3503
-6695
-7701
-3869
7920
-5267
-7888
-7360
-9688
-6252
9780
3313
2671
6310
-5056
4760
-249
-1748
1652
1313
1199
8331
-1272
1946
-7420
-6580
9671
830
3537
282
-7006
-9437
-2351
8132
8088
-2482
-9407
-6157
8243
-497
3216
-6477
-175
891
4286
121
6868
-4986
-4976
-2977
8199
-7582
4659
2258
-8313
-9244
-1649
-1483
-8348
5960
2991
2287
-7664
7715
3895
9171
4866
-7920
-4668
-8975
-3322
2209
2408
-6651
-6225
-1088
5025
-7021
-7138
-1465
3553
-439
-6461
5518
-4411
2531
9049
-3628
-6470
-2470
-3170
-7776
7012
933
8749
3610
-894
1269
-410
-8216
-3197
-4082
4831
2166
8898
-8168
5671
5921
1390
-9022
7986
7499
2757
-281
-8705
2795
-2177
-5137
-3216
7539
1997
-3696
4857
-3327
9599
-7465
9718
6743
2152
2617
-5906
1070
1538
3672
9221
9231
1721
9436
7215
-1334
2637
-8922
-6640
-4771
8489
3133
-4223
6306
2337
5274
939
-1709
-7091
-689
1402
-3710
-6322
-7598
6837
-8345
6290
7018
-5612
6106
1726
9023
-3119
9860
-3203
2371
-5024
5371
5987
-8286
-472
-1127
-7298
-4713
645
-7929
6288
-7985
43
8863
-2798
4568
-7045
-5102
202
-6543
-2327
4859
-5407
6669
315
-2846
-5793
-1101
-963
4371
-3979
-6468
6868
6643
-2724
529
8249
3963
5517
4744
425
-7480
-8159
7014
-1726
-9274
-9770
1055
-4377
7197
-7195
5056
5286
4782
4994
-9212
-7793
-7640
-6506
4796
-5345
6367
-2115
4750
4075
-4763
-8227
-3051
-1020
-7869
-438
3519
-4955
2790
292
438
-165
-6286
718
-939
2052
-8690
8084
-1098
9744
-2115
6813
5235
-3127
-2786
1506
-1878
4780
-522
-7228
-8091
-3345
-4279
-5538
6917
6953
9160
4589
-2835
8748
8682
-6622
3102
-6617
-1005
2757
-6686
8476
-822
4468
-8718
-9356
-2484
-8160
-8925
-4127
1658
5550
-5634
-4807
7399
7986
-7863
2551
2270
-6368
-8964
7828
774
3619
3163
-8197
7052
-2911
-135
-5781
-5350
-557
-177
6734
7667
5098
-6906
-392
5739
5440
4332
-4996
8616
7906
-4744
-3503
-3908
6805
-2841
-7287
-43
-2417
7362
247
8156
6013
1498
6242
3009
-5192
-844
5660
6873
8909
-8351
5243
-7080
-603
-1944
6115
4085
-1263
-198
-7787
-1084
-7895
-9677
-4172
4335
-8254
-7481
-5390
-5172
-5546
-6009
4768
8903
-3951
-2623
-6088
-4623
-3245
-5614
7037
-2939
8754
341
-3930
8516
-3176
-9023
-6518
3587
3574
5724
-1007
5905
-4278
-3160
7228
555
6182
7179
3262
-443
-1635
5008
-5068
-9767
1274
-3289
-7182
-8919
9469
707
-4341
2713
8721
9687
6427
-3825
6245
-4101
-462
-8771
-1021
2246
-3045
-3691
6752
-151
195
-6512
8791
2753
-5181
8113
-5870
1656
9562
-3659
-6639
5586
-5406
-6569
5078
1968
-76
-5527
4057
6178
-7945
180
-6881
1987
6668
-9976
-16
4343
-7695
5863
2626
-150
-6198
-7632
-2020
-106
-1452
-7617
1781
-4886
3345
-4892
5504
-5632
-7991
-7397
6473
4768
9903
4937
-9222
4070
-3281
3359
1016
383
5826
-2860
430
9025
9558
-2197
-6659
246
9684
-3123
-9687
-2458
5469
-7019
9479
5353
4320
1428
-7261
-2167
-2214
-6516
-7094
2645
335
-7291
8911
-7391
-9955
9616
-3290
9432
-9729
7081
-6431
3447
5415
9467
-8949
1179
-9893
-7033
2150
9170
3717
-9863
-4619
729
-3383
-9161
3891
8341
4316
-5956
9733
-7157
7978
-8583
-1234
2202
-6133
-1918
-7652
-3732
-1981
5031
8925
5676
7050
-5552
7472
630
64
1396
4802
8643
-9179
-1975
3328
-4715
8816
-3112
2295
9570
9951
7438
175
-6526
2066
-1558
-8412
7200
-1555
-8013
2076
9345
8671
-2332
675
-9840
-8392
6121
-100
-9227
6100
9988
-27
7384
-2567
-8886
513
2392
9803
-9421
-4027
8203
-5967
-8553
7421
7791
-8713
3184
2695
492
-7995
1860
-8705
-9499
3064
2946
8489
5435
-9181
8952
1033
-6720
-8214
-3281